PHASE 1 YEARLY BLOCKS SUMMARY (causal σ)
======================================================================


ES (Full Sample: ν=2.340)
--------------------------------------------------
Year     N bars        ν      loc    scale     skew       KS            Flag
2010      61526    2.658   0.0095   0.6765    0.117   0.1485                
2011     108895    2.550   0.0023   0.6760    0.185   0.1363                
2012     107273    2.460   0.0027   0.6421   -0.031   0.1579                
2013     114085    2.275   0.0090   0.6232   -0.467   0.1691                
2014     118570    2.337   0.0073   0.6513    0.276   0.1612                
2015     124654    2.317   0.0017   0.6528   -0.713   0.1373                
2016     127462    2.210   0.0029   0.6431    0.082   0.1464                
2017     120450    2.381   0.0134   0.6576    0.080   0.1673                
2018     125411    2.517   0.0084   0.6939   -0.037   0.1147                
2019     122985    2.252   0.0099   0.6295    0.409   0.1226                
2020     127271    2.342   0.0133   0.6807   -0.116   0.0906                
2021     118849    2.251   0.0128   0.6467   -0.497   0.1045                
2022     127235    2.282   0.0025   0.6655   -0.914   0.0851                
2023     119401    2.370   0.0128   0.6554    0.885   0.1031                
2024     118902    2.214   0.0216   0.6351    0.266   0.1020                
2025     117674    2.268   0.0150   0.6321    0.689   0.0884                
2026      33605    2.507  -0.0033   0.6692    1.746   0.0767                

NQ (Full Sample: ν=2.441)
--------------------------------------------------
Year     N bars        ν      loc    scale     skew       KS            Flag
2010      51646    2.601   0.0160   0.7089    1.190   0.1110                
2011      86966    2.913   0.0063   0.7439   -0.222   0.0921                
2012      82190    3.158   0.0072   0.7674    0.306   0.0890                
2013      81486    2.891   0.0137   0.7387   -0.060   0.0985                
2014      90123    2.503   0.0159   0.6970    0.067   0.1014                
2015      89003    2.755   0.0062   0.7079    0.173   0.0780                
2016      90752    2.720   0.0040   0.7035   -0.664   0.0827                
2017     100655    2.370   0.0228   0.6632    0.382   0.0983                
2018     108859    2.397   0.0133   0.6684    0.792   0.0774                
2019     102605    2.281   0.0131   0.6092    0.217   0.0781                
2020     106763    2.303   0.0183   0.6431   -0.964   0.0706                
2021     111128    2.176   0.0162   0.6221   -0.091   0.0706                
2022     113211    2.212   0.0018   0.6399   -0.814   0.0666                
2023     111621    2.301   0.0144   0.6385    2.014   0.0702                
2024     114974    2.285   0.0252   0.6513   -0.642   0.0662                
2025     112692    2.183   0.0179   0.6156   -1.009   0.0682                
2026      32177    2.510   0.0013   0.6657   -0.069   0.0570                

RTY (Full Sample: ν=3.056)
--------------------------------------------------
Year     N bars        ν      loc    scale     skew       KS            Flag
2017      31276    2.487   0.0184   0.7278    0.184   0.1055                
2018      78538    3.469   0.0024   0.8106   -0.361   0.0669                
2019      80142    3.176   0.0128   0.7560   -0.360   0.0668                
2020      83067    3.368   0.0123   0.7822   -0.495   0.0493                
2021      87144    3.011   0.0112   0.7490   -0.987   0.0560                
2022      85794    3.285   0.0020   0.7615   -1.767   0.0507                
2023      85518    3.058   0.0086   0.7414    2.146   0.0633                
2024      90067    2.813   0.0072   0.7262   -0.180   0.0679                
2025      89298    2.844   0.0110   0.7200    0.120   0.0622                
2026      26849    2.655   0.0011   0.6984    2.106   0.0604                
