PHASE 1 YEARLY BLOCKS SUMMARY (causal σ)
======================================================================


ES (Full Sample: ν=4.915)
--------------------------------------------------
Year     N bars        ν      loc    scale     skew       KS            Flag
2010      31706    5.505   0.0099   0.8451   -0.249   0.0885                
2011      54807    5.854   0.0033   0.8796   -0.040   0.0721                
2012      53780    5.618   0.0072   0.8466    0.096   0.0906                
2013      53261    5.357   0.0169   0.8484    0.142   0.0986                
2014      53857    5.033   0.0059   0.8717    0.020   0.0890                
2015      58517    5.091   0.0014   0.8761   -0.021   0.0651                
2016      57216    5.276   0.0044   0.8688    0.123   0.0733                
2017      55594    5.148   0.0183   0.8699    0.085   0.1023                
2018      60035    5.472   0.0060   0.9102   -0.511   0.0551                
2019      59499    4.156   0.0165   0.8245   -0.087   0.0625                
2020      60325    4.967   0.0116   0.8853    0.235   0.0346                
2021      59396    4.582   0.0170   0.8493   -0.112   0.0405                
2022      63210    4.637   0.0012   0.8542   -1.079   0.0253                
2023      59740    4.825   0.0161   0.8458    0.544   0.0403                
2024      60166    4.295   0.0263   0.8404   -0.374   0.0379                
2025      59887    4.431   0.0196   0.8169   -0.194   0.0311                
2026      17095    4.764   0.0036   0.8289    1.712   0.0218                

NQ (Full Sample: ν=4.410)
--------------------------------------------------
Year     N bars        ν      loc    scale     skew       KS            Flag
2010      27150    4.489   0.0186   0.9025   -0.526   0.0498                
2011      49015    5.220   0.0086   0.9316   -0.238   0.0423                
2012      48476    4.694   0.0093   0.9109    0.016   0.0486                
2013      47267    4.180   0.0153   0.8853    0.150   0.0532                
2014      47762    4.299   0.0193   0.8925   -0.002   0.0430                
2015      50752    4.552   0.0068   0.8807   -0.167   0.0303                
2016      51454    4.599   0.0039   0.8751    0.139   0.0323                
2017      52902    4.201   0.0262   0.8631    0.080   0.0419                
2018      54441    4.769   0.0102   0.8641   -0.436   0.0202                
2019      53939    4.023   0.0185   0.7906    0.105   0.0199                
2020      54307    4.943   0.0227   0.8521   -0.275   0.0110                
2021      56625    4.153   0.0195   0.8107   -0.083   0.0115                
2022      58044    4.397   0.0017   0.8196   -1.056   0.0101                
2023      56817    4.552   0.0195   0.8227    1.011   0.0116                
2024      57995    4.299   0.0292   0.8235   -0.283   0.0110                
2025      56841    4.082   0.0234   0.7862   -0.252   0.0086                
2026      16328    4.496   0.0027   0.8094    1.507   0.0063                

RTY (Full Sample: ν=4.481)
--------------------------------------------------
Year     N bars        ν      loc    scale     skew       KS            Flag
2017      12681    4.547   0.0261   0.9272   -0.198   0.0415                
2018      46701    5.082   0.0051   0.9539   -0.323   0.0335                
2019      50233    3.962   0.0185   0.8714    0.173   0.0401                
2020      49888    4.943   0.0116   0.9121    0.780   0.0203                
2021      52106    4.548   0.0178   0.8903   -0.201   0.0203                
2022      53932    4.690   0.0013   0.8731   -0.938   0.0168                
2023      53548    4.290   0.0089   0.8633    1.569   0.0266                
2024      53294    4.347   0.0074   0.8757    0.297   0.0227                
2025      52750    4.408   0.0135   0.8617   -0.482   0.0233                
2026      15173    4.190   0.0066   0.8334    1.827   0.0159                
