PHASE 6 FEATURE CORRELATIONS — baseline' params (2026-04-17)
warmup=80, gap=15min, ES gated pre-2020-03-01
======================================================================


ES  (N_valid=359,581)
                         z  imbalance_t       der  sign_concordance  clv_mean   clv_var  subbar_imbalance
z                 1.000000     0.901343  0.005959         -0.010793  0.617310 -0.000097          0.866766
imbalance_t       0.901343     1.000000  0.023109         -0.000387  0.665748 -0.006431          0.872016
der               0.005959     0.023109  1.000000          0.315162  0.016436 -0.263834          0.014270
sign_concordance -0.010793    -0.000387  0.315162          1.000000  0.007924 -0.268834         -0.003544
clv_mean          0.617310     0.665748  0.016436          0.007924  1.000000 -0.017512          0.632154
clv_var          -0.000097    -0.006431 -0.263834         -0.268834 -0.017512  1.000000         -0.000783
subbar_imbalance  0.866766     0.872016  0.014270         -0.003544  0.632154 -0.000783          1.000000

NQ  (N_valid=811,012)
                         z  imbalance_t       der  sign_concordance  clv_mean   clv_var  subbar_imbalance
z                 1.000000     0.902611  0.009659          0.003062  0.616136 -0.005512          0.859653
imbalance_t       0.902611     1.000000  0.023136          0.012286  0.662421 -0.010179          0.861691
der               0.009659     0.023136  1.000000          0.306849  0.014696 -0.261086          0.015115
sign_concordance  0.003062     0.012286  0.306849          1.000000  0.014983 -0.271856          0.005691
clv_mean          0.616136     0.662421  0.014696          0.014983  1.000000 -0.016782          0.621372
clv_var          -0.005512    -0.010179 -0.261086         -0.271856 -0.016782  1.000000         -0.005049
subbar_imbalance  0.859653     0.861691  0.015115          0.005691  0.621372 -0.005049          1.000000

RTY  (N_valid=423,776)
                         z  imbalance_t       der  sign_concordance  clv_mean   clv_var  subbar_imbalance
z                 1.000000     0.888299  0.003765         -0.001152  0.601974 -0.000395          0.814617
imbalance_t       0.888299     1.000000  0.014109          0.007356  0.659556 -0.005638          0.822059
der               0.003765     0.014109  1.000000          0.283257  0.009270 -0.268025          0.006504
sign_concordance -0.001152     0.007356  0.283257          1.000000  0.011686 -0.267849          0.001835
clv_mean          0.601974     0.659556  0.009270          0.011686  1.000000 -0.011920          0.617203
clv_var          -0.000395    -0.005638 -0.268025         -0.267849 -0.011920  1.000000         -0.000078
subbar_imbalance  0.814617     0.822059  0.006504          0.001835  0.617203 -0.000078          1.000000
